Multiple size <= 100
TEST 1 ARG:33 62 35 38 69 43 77 87 70 41 30 47 1 26 40 66 20 67 8 63 58 91 34 76 27 71 93 84 5 54 61 75 36 39 95 98 83 14 4 94 46 51 81 31 99 59 57 56 72 17 74 28 80 45 18 64 7 16 22 96 32 11 78 24 44 97 15 88 92 90 49 48 50 12 6 19 29 21 3 60 73 53 82 37 0 79 65 2 89 25 13 10 9 85 52 55 23 86 42 68
TEST 2 ARG:20 21 63 3 79 80 78 41 74 92 73 89 10 91 22 18 33 87 50 36 8 42 90 6 13 35 0 29 37 97 65 67 93 19 59 77 16 76 62 46 55 25 81 88 26 53 32 86 31 72 48 38 60 95 28 96 2 57 7 11 69 23 5 4 71 52 14 49 1 84 39 30 85 47 56 58 54 64 40 24 61 43 45 15 83 82 44 70 99 34 68 66 94 17 9 12 75 98 51 27
TEST 3 ARG:54 53 43 27 21 62 51 40 46 48 24 6 56 9 23 67 30 70 87 35 86 60 36 5 95 80 31 50 7 82 79 38 66 94 65 39 69 76 18 78 26 49 92 1 11 22 45 34 15 17 25 58 16 19 14 3 52 33 2 20 74 0 61 77 85 8 68 93 29 96 47 97 28 98 63 55 12 81 41 71 37 44 10 42 57 13 75 84 83 59 4 64 88 73 72 32 89 90 99 91
TEST 4 ARG:19 50 51 68 3 62 17 22 86 31 48 26 33 30 13 72 59 84 27 79 90 93 96 28 24 56 49 25 39 97 64 2 85 16 10 32 15 61 38 0 91 11 87 42 4 95 20 14 58 52 69 71 55 18 44 66 34 73 36 21 80 29 76 65 41 83 46 78 82 43 47 75 63 9 89 54 37 92 94 98 67 45 40 6 99 23 5 88 7 57 8 12 70 74 1 81 53 60 77 35
TEST 6 ARG:14 81 69 49 23 16 83 44 94 9 79 98 71 45 52 75 95 36 18 46 43 89 70 25 26 41 74 82 73 86 65 20 76 48 92 6 96 5 64 66 38 27 32 68 84 50 35 78 2 11 54 60 10 1 15 40 85 58 57 33 55 87 88 63 53 77 19 90 39 72 13 22 99 93 3 24 7 62 42 28 91 67 80 51 56 61 4 29 17 21 37 34 59 12 30 97 31 8 47 0
TEST 7 ARG:32 36 52 80 46 26 98 45 16 93 65 71 75 49 3 23 13 59 2 34 10 40 83 88 30 19 0 27 62 18 22 94 5 99 66 53 73 70 4 37 69 57 77 11 91 50 51 87 39 44 7 24 43 47 25 78 90 21 85 42 63 17 86 95 8 74 79 48 12 61 89 33 60 28 97 1 64 81 56 20 67 68 6 96 54 29 76 55 84 41 9 14 35 15 72 82 58 31 38 92
TEST 8 ARG:63 38 30 42 43 98 11 39 72 51 4 22 53 68 17 75 44 20 15 37 85 79 90 33 83 28 29 78 71 7 8 64 21 32 2 50 65 9 49 23 34 62 12 56 60 74 93 97 5 94 45 91 35 26 36 89 95 14 1 25 19 40 58 18 16 99 54 87 61 76 80 73 96 0 52 84 57 24 88 92 13 41 81 46 6 3 66 86 69 48 55 31 67 10 47 27 59 82 77 70
TEST 9 ARG:12 50 62 38 11 75 15 3 91 63 67 98 85 89 29 0 88 35 5 55 13 23 71 69 6 79 53 93 34 9 28 1 16 81 58 68 82 40 14 7 47 24 37 73 74 86 21 56 95 22 48 46 76 43 36 33 10 20 77 96 83 18 52 92 49 51 30 8 57 32 19 39 45 66 27 78 64 2 70 54 41 31 60 44 59 94 80 26 42 25 99 97 84 4 90 72 87 17 61 65
TEST 10 ARG:98 92 41 83 55 81 30 91 46 3 71 43 67 4 94 57 80 63 5 17 48 16 1 20 44 25 9 61 66 87 29 82 37 51 65 75 93 72 79 18 53 58 76 19 28 73 96 34 84 27 99 7 86 59 39 26 2 74 22 56 15 21 14 31 54 85 64 60 50 62 70 38 77 78 6 23 90 68 40 12 49 52 95 89 10 35 33 11 97 36 32 47 24 42 45 8 0 69 88 13
TEST 12 ARG:28 18 24 44 41 46 81 75 26 30 20 37 69 5 95 11 4 53 43 59 10 48 0 40 65 97 74 45 1 57 16 64 21 42 56 80 63 50 13 91 87 93 6 68 58 77 73 78 19 66 25 17 29 82 62 83 51 60 39 49 79 61 98 27 89 8 92 47 35 34 52 99 31 9 76 70 72 32 36 2 94 38 14 3 33 67 84 7 23 88 85 54 96 15 90 55 22 71 86 12
TEST 13 ARG:28 98 88 43 61 51 93 35 79 86 38 50 90 16 40 77 95 58 13 91 36 19 11 81 6 63 52 49 3 66 72 9 7 1 53 15 41 74 33 48 2 65 76 47 55 30 27 73 87 89 80 26 82 59 22 42 14 67 83 44 17 60 71 94 96 18 56 4 84 21 5 24 25 12 78 29 0 85 64 92 45 97 57 62 23 46 37 68 69 10 75 8 39 34 99 31 32 70 54 20
TEST 14 ARG:34 83 60 45 32 2 44 37 92 1 94 4 50 5 38 85 53 64 62 12 80 70 51 27 28 98 84 88 87 63 56 74 17 29 48 21 69 90 8 78 35 19 11 10 40 22 81 86 76 14 66 68 3 30 24 57 65 93 99 42 23 75 73 16 13 77 41 47 46 61 25 26 58 72 82 52 15 20 0 7 33 96 43 67 9 97 49 79 39 95 91 31 55 36 89 54 59 6 18 71
TEST 15 ARG:68 13 33 55 8 72 37 75 95 49 80 23 36 43 0 44 85 47 32 83 73 82 90 17 19 99 20 38 22 45 50 21 26 39 96 89 92 67 27 46 65 16 57 41 2 14 6 52 87 77 74 71 69 63 88 56 7 48 94 98 54 51 28 76 59 53 31 10 81 86 79 70 62 5 78 40 1 25 15 60 93 58 29 30 18 4 91 66 61 3 35 64 11 97 34 12 9 42 24 84
TEST 16 ARG:4 71 44 93 48 17 2 7 51 28 8 0 54 20 39 74 14 42 78 56 85 76 12 21 53 26 27 79 11 33 92 67 88 31 9 22 87 69 66 95 35 89 30 59 70 96 90 3 77 52 38 40 61 75 24 36 81 34 5 25 49 91 43 94 58 83 72 82 64 80 63 99 16 47 60 73 18 57 10 41 37 68 62 29 50 32 55 86 84 1 98 23 65 15 13 6 46 97 19 45
TEST 17 ARG:81 15 47 78 23 20 12 70 31 58 69 51 44 55 48 60 3 80 49 99 33 75 90 72 82 50 89 84 40 16 38 76 86 56 67 59 39 6 17 64 27 97 71 54 98 57 88 53 8 92 32 29 19 62 10 65 95 93 42 52 91 7 46 1 96 37 68 45 43 35 18 36 14 73 83 2 26 34 74 21 85 66 5 25 9 87 79 63 4 13 24 61 41 94 11 0 77 28 30 22
TEST 18 ARG:3 74 57 47 17 78 23 79 63 61 76 0 20 25 8 71 33 19 42 80 21 54 89 85 16 64 75 32 15 51 5 45 55 50 10 12 97 40 95 4 86 68 24 46 60 34 81 2 88 73 56 39 91 98 53 77 70 44 83 7 49 1 43 22 90 35 65 37 58 59 36 62 9 48 67 31 30 14 84 38 92 29 82 72 87 69 6 26 52 13 96 28 18 41 27 66 93 11 99 94
TEST 19 ARG:1 33 10 11 7 79 93 84 30 55 61 88 37 24 38 69 81 99 77 34 39 22 73 47 60 29 86 0 63 67 96 4 16 78 44 9 75 68 43 49 19 72 8 65 50 57 59 83 62 51 13 20 87 28 54 64 32 91 35 18 80 12 52 48 66 71 90 58 25 46 27 41 5 94 15 2 23 97 3 95 89 31 14 6 74 21 26 92 70 56 36 82 53 76 85 40 98 42 17 45
TEST 20 ARG:59 52 95 94 44 35 74 60 21 46 14 48 61 97 1 13 28 22 4 81 33 32 98 77 39 66 67 30 6 8 0 53 37 36 55 75 41 18 78 86 76 82 43 56 20 23 49 70 91 88 96 40 27 58 90 63 34 69 71 99 47 17 12 68 87 64 54 16 72 38 31 93 83 5 65 89 57 73 7 62 29 50 3 85 15 10 24 42 2 26 92 19 84 79 11 9 80 25 51 45
TEST 21 ARG:98 43 58 84 93 82 10 20 97 32 73 15 3 76 51 4 55 34 2 75 49 0 68 12 8 37 81 70 24 9 17 62 46 39 99 16 42 48 95 14 74 41 52 44 67 87 36 80 94 90 92 6 72 86 59 18 1 63 66 31 26 22 23 85 57 47 96 83 54 77 30 38 88 25 53 91 27 79 29 65 69 7 19 28 56 61 13 45 78 5 21 64 35 50 60 40 71 33 89 11
TEST 22 ARG:72 97 95 44 79 39 74 12 58 60 82 96 15 52 33 76 65 67 56 70 66 4 24 68 18 10 5 51 62 83 46 37 73 3 1 55 43 98 20 61 90 7 25 75 89 48 99 21 54 47 26 9 81 93 19 57 49 84 92 94 27 28 87 69 36 41 71 38 40 16 77 59 42 85 88 13 17 45 11 34 63 53 2 0 30 64 6 91 31 8 80 23 22 78 35 14 86 50 29 32
TEST 23 ARG:11 41 70 94 36 35 6 74 3 22 39 45 38 81 99 9 67 2 60 44 83 55 29 49 90 25 32 95 54 33 50 84 8 85 37 52 87 48 61 91 18 97 24 51 71 46 5 68 80 88 65 23 47 4 28 31 56 63 59 16 64 93 89 92 98 34 75 62 1 77 13 58 73 82 30 57 12 10 42 76 96 14 79 0 20 17 19 27 72 53 78 15 66 40 43 26 21 86 7 69
TEST 24 ARG:93 65 39 34 31 40 94 67 63 56 76 53 32 72 7 75 22 98 81 73 85 37 2 70 74 29 77 88 9 0 12 59 78 92 27 71 16 48 18 6 52 58 83 95 50 82 86 62 80 36 46 19 28 38 79 45 3 14 15 26 90 64 17 49 13 1 60 54 4 10 87 96 8 44 21 84 5 30 20 91 97 47 33 61 35 51 24 55 41 99 43 25 66 23 42 89 11 68 57 69
TEST 25 ARG:76 47 60 0 93 27 84 6 51 43 17 71 9 74 78 20 79 31 8 73 30 25 91 94 77 12 98 35 86 40 48 50 53 7 54 24 59 41 34 58 29 37 69 96 11 70 26 14 97 62 63 3 21 44 55 83 15 56 45 61 4 10 38 46 18 82 72 65 5 57 16 80 92 19 42 52 88 81 99 2 75 66 1 23 64 49 13 22 85 28 36 39 87 32 67 68 95 89 33 90
