Multiple size <= 100
TEST 1 ARG:4 54 31 18 80 96 70 48 46 63 13 99 41 47 66 50 62 79 5 59 40 7 85 84 14 49 21 39 45 83 37 93 89 24 58 67 92 34 94 2 77 44 27 52 74 87 61 68 22 57 43 88 3 76 64 38 1 0 60 81 8 82 78 17 65 69 25 26 15 51 20 56 97 9 16 11 75 6 30 10 33 29 23 73 55 12 28 19 32 86 35 42 71 91 36 95 90 98 72 53
TEST 2 ARG:45 24 67 15 7 57 37 62 61 49 78 9 28 86 20 36 17 90 44 5 22 38 4 66 68 46 82 81 94 80 77 12 21 84 40 31 54 58 85 11 53 95 19 16 10 93 39 50 0 43 25 96 51 64 74 52 99 79 33 60 88 41 35 13 87 76 97 26 71 34 32 92 6 3 1 73 83 69 18 72 29 70 91 48 30 8 47 55 56 2 89 59 27 63 98 23 75 14 42 65
TEST 3 ARG:43 57 42 55 78 40 54 94 15 62 82 33 59 17 53 18 39 65 91 9 25 12 24 98 13 3 68 47 60 11 41 86 87 36 46 16 31 14 88 52 77 50 8 63 92 89 48 58 66 38 21 30 26 96 32 34 4 45 19 72 80 99 69 35 64 2 90 28 76 1 95 71 29 10 7 23 83 79 74 67 81 22 85 73 20 70 97 51 84 44 0 6 37 56 93 75 61 27 49 5
TEST 4 ARG:85 44 59 56 69 68 90 75 80 5 94 73 98 40 99 0 93 72 26 14 58 71 53 25 17 36 20 3 54 35 24 89 92 60 77 46 15 76 87 91 43 81 16 29 41 63 37 55 4 18 70 1 32 6 83 23 62 86 11 48 39 82 78 96 51 28 88 22 50 33 19 34 9 2 13 42 74 38 65 7 27 61 67 64 12 8 10 66 52 95 57 79 31 97 30 49 84 21 45 47
TEST 5 ARG:16 25 56 59 39 14 23 94 50 31 18 20 40 21 67 2 57 32 8 46 60 1 84 77 11 90 98 4 17 92 19 61 51 89 0 42 10 35 44 33 49 76 87 78 81 68 3 15 97 22 79 7 5 38 48 85 93 64 80 13 52 34 47 45 58 71 83 53 74 26 43 73 82 54 96 27 30 91 65 63 37 95 24 88 72 36 66 70 29 62 75 6 28 86 41 55 69 99 12 9
TEST 6 ARG:19 55 28 43 74 25 15 94 8 82 95 88 56 68 44 89 50 13 29 84 3 47 58 16 10 90 37 81 46 96 80 76 34 83 63 77 67 41 21 20 48 6 12 9 97 98 64 1 69 35 61 38 59 62 11 49 31 85 72 66 17 65 22 39 18 32 14 75 79 78 24 73 26 60 51 45 86 87 71 7 40 0 54 99 93 53 27 23 30 2 91 42 36 70 52 57 92 4 5 33
TEST 7 ARG:5 59 97 92 0 71 50 23 89 48 15 37 13 52 65 56 27 42 95 68 49 87 72 3 85 14 8 79 61 34 75 4 45 62 17 25 6 12 64 99 90 38 81 20 77 47 60 70 21 46 63 16 67 44 86 78 69 74 73 36 2 58 10 28 41 40 84 51 35 57 66 11 31 98 53 83 96 43 55 76 24 80 19 32 7 82 39 88 9 22 91 1 26 94 18 30 29 33 54 93
TEST 8 ARG:78 3 97 0 62 71 5 33 82 36 11 88 24 28 50 84 80 8 25 32 16 48 66 51 65 39 63 40 89 77 41 13 2 94 91 31 19 56 22 70 30 42 6 95 20 26 92 4 29 9 54 86 69 68 44 17 73 72 12 23 45 87 21 1 14 67 85 18 75 46 47 53 81 79 55 57 15 74 43 60 59 64 52 10 90 99 37 98 7 83 49 38 93 61 35 58 76 27 34 96
TEST 9 ARG:27 80 53 36 18 11 30 19 76 88 2 5 46 74 89 73 69 77 40 21 87 44 70 0 58 83 90 56 51 29 32 20 85 4 33 37 98 34 61 23 94 62 86 75 15 8 39 92 57 71 49 45 25 96 97 52 42 43 16 12 7 79 35 55 64 63 93 68 6 3 59 28 10 31 22 54 41 50 78 13 24 66 82 1 38 84 81 9 67 72 60 91 48 17 99 65 14 47 95 26
TEST 10 ARG:55 44 50 35 48 3 87 46 49 32 16 67 22 2 33 10 11 38 5 51 0 34 68 72 70 84 57 86 63 82 93 21 20 64 37 36 27 24 71 85 59 74 66 79 90 92 7 96 78 39 40 45 31 12 13 95 58 8 88 54 14 52 30 94 17 23 9 25 15 26 18 28 76 47 69 56 99 41 75 81 6 53 60 89 91 80 43 83 1 62 4 42 65 97 73 77 98 19 61 29
TEST 11 ARG:46 40 5 1 96 56 99 16 83 87 90 65 97 20 66 98 48 39 81 26 47 76 38 69 62 41 68 58 4 17 45 74 7 70 94 28 33 31 52 71 60 59 14 77 12 42 57 75 21 29 88 72 11 85 32 79 84 51 18 30 53 92 0 9 22 86 35 93 34 36 3 44 95 89 55 15 19 80 78 73 8 27 64 49 43 25 37 54 6 13 67 91 63 23 50 24 82 61 2 10
TEST 12 ARG:25 29 46 15 43 56 36 12 6 97 40 35 7 38 82 3 58 73 87 14 63 54 65 45 44 88 85 78 81 10 79 69 9 42 18 84 74 98 1 34 33 62 68 52 55 8 57 96 72 83 19 75 30 64 86 59 71 90 4 23 37 92 11 76 41 61 70 2 28 89 24 51 27 80 48 20 67 13 50 99 31 77 16 94 95 32 49 66 26 93 22 17 47 21 53 0 91 60 39 5
TEST 13 ARG:45 93 83 92 31 25 23 90 1 36 48 30 52 5 71 64 67 7 21 68 38 56 19 16 75 12 10 15 98 17 57 32 65 55 47 26 76 0 95 28 13 11 40 91 70 59 72 49 80 81 82 20 94 77 78 53 18 29 6 79 69 8 58 2 74 33 9 73 50 60 61 51 39 84 87 4 99 14 89 86 34 42 43 27 3 96 41 46 97 85 66 24 22 62 35 63 44 54 37 88
TEST 14 ARG:77 10 46 52 99 71 96 78 13 86 44 50 26 62 91 56 94 21 85 9 64 92 97 8 24 84 15 72 32 88 6 38 68 69 39 34 98 59 37 40 54 19 12 61 35 4 33 7 1 75 16 83 76 3 81 41 27 73 18 57 70 93 55 0 20 82 49 30 74 90 53 63 14 42 89 22 51 17 87 60 80 66 95 79 28 65 11 36 29 23 2 25 58 67 5 43 45 48 47 31
TEST 15 ARG:13 68 62 34 39 15 3 2 37 96 22 75 60 31 93 25 67 87 83 78 4 51 86 80 24 81 30 40 47 92 35 56 64 59 9 73 77 33 14 46 44 55 23 74 7 26 42 17 84 69 54 63 0 88 71 41 91 43 57 98 5 29 20 95 99 16 49 38 85 72 19 48 79 27 97 58 28 66 10 18 6 52 1 32 45 89 12 70 94 65 36 11 90 50 21 76 53 61 8 82
TEST 16 ARG:11 83 46 30 64 10 43 16 32 88 90 49 54 77 65 99 1 74 91 29 72 33 23 40 50 34 0 69 60 44 84 45 81 13 26 17 89 57 25 37 20 98 18 48 5 97 7 24 53 39 66 12 80 38 14 2 85 73 8 71 51 36 19 92 52 42 76 87 28 86 4 58 68 6 95 21 94 79 82 55 3 9 27 93 22 15 61 35 56 67 47 78 62 70 41 75 31 59 63 96
