1 2 3 4 5 6 7 8 9 10 11 12 13 14 15 16 17 18 19 20


1 2 3 7 8 9 10 11 12 4 5 13 14 15 16 17 6 18 19 20
18 19 20 1 2 3 7 8 9 10 11 12 4 5 13 14 15 16 17 6 


15 74 53 94 32 71 83 26 42 39 
20 61 59 68 86 90 69 87 33 19 
46 77 23 60 29 67 88 48 8 40 
24 55 96 62 28 78 49 45 36 70 
56 80 18 76 98 10 21 89 9 72 
50 85 58 65 25 66 35 31 12 16 
13 47 57 51 44 3 95 79 41 63 
52 43 2 27 91 7 97 30 75 84 
34

48 49 32 98 92 61 54 22 34 42 
85 95 43 13 52 70 77 45 96 20 
91 41 87 56 99 73 68 53 26 60 
90 50 27 46 59 51 8 37 69 23 
30 76 84 10 72 65 15 55 17 44 
19 28 89 67 11 71 75 33 39 78 
36 58 66 9 81 2 79 97 18 6 
16 12 64 35 74 62 57 25 47 80 
40 24 94 7 88 14 21 31 83 63 
38 93 5 82 4 1 29 3 86 100

error at 95
48 49 32 98 92 61 54 22 34 42 85 95