48 49 32 98 92 61 54 22 34 42 
85 95 43 13 52 70 77 45 96 20 
91 41 87 56 99 73 68 53 26 60 
90 50 27 46 59 51 8 37 69 23 
30 76 84 10 72 65 15 55 17 44 
19 28 89 67 11 71 75 33 39 78 
36 58 66 9 81 2 79 97 18 6 
16 12 64 35 74 62 57 25 47 80 
40 24 94 7 88 14 21 31 83 63 
38 93 5 82 4 1 29 3 86 100

1 2 3 4 5 6 7 8 9 10 
11 12 13 14 15 16 17 18 19 20 
21 22 23 24 25 26 27 28 29 30 
31 32 33 34 35 36 37 38 39 40 
41 42 43 44 45 46 47 48 49 50 
51 52 53 54 55 56 57 58 59 60 
61 62 63 64 65 66 67 68 69 70 
71 72 73 74 75 76 77 78 79 80 
81 82 83 84 85 86 87 88 89 90 
91 92 93 94 95 96 97 98 99 100